22-Jan-2024
26-Jan-2024
19-Feb-2024
08-Mar-2024
25-Mar-2024
29-Mar-2024
01-Apr-2024
09-Apr-2024
11-Apr-2024
14-Apr-2024
17-Apr-2024
21-Apr-2024
01-May-2024
23-May-2024
17-Jun-2024
17-Jul-2024
15-Aug-2024
07-Sep-2024
16-Sep-2024
02-Oct-2024
12-Oct-2024
01-Nov-2024
02-Nov-2024
15-Nov-2024
25-Dec-2024
22-Jan-2024
26-Jan-2024
19-Feb-2024
08-Mar-2024
25-Mar-2024
29-Mar-2024
01-Apr-2024
09-Apr-2024
11-Apr-2024
14-Apr-2024
17-Apr-2024
21-Apr-2024
01-May-2024
23-May-2024
17-Jun-2024
17-Jul-2024
15-Aug-2024
07-Sep-2024
16-Sep-2024
02-Oct-2024
12-Oct-2024
01-Nov-2024
02-Nov-2024
15-Nov-2024
25-Dec-2024
